      0/21     2.16G   0.08195   0.01598   0.02977    0.1277        53       640   0.02504   0.01972  0.003102 0.0009195     0.106   0.01992   0.02935
      1/21     7.25G   0.06017   0.01653   0.02281   0.09951        29       640    0.5672   0.06288   0.03365   0.01865   0.07533   0.02405    0.0251
      2/21       10G   0.04927   0.01646   0.02156   0.08729        26       640    0.5482   0.07685   0.03412   0.02054   0.06598   0.02421   0.02418
      3/21       10G   0.04655   0.01596   0.02096   0.08348        32       640    0.5551   0.07536   0.04102   0.02532   0.06247   0.02423    0.0238
      4/21       10G   0.04521   0.01522    0.0209   0.08133        34       640    0.5681   0.09991   0.05292    0.0321   0.06124   0.02318   0.02365
      5/21       10G   0.04404   0.01443   0.02039   0.07886        27       640    0.5681     0.121   0.06291   0.03942   0.06234    0.0216   0.02365
      6/21       10G   0.04318   0.01357   0.02039   0.07715        65       640     0.575    0.1311   0.07406   0.04667   0.06074   0.02106   0.02373
      7/21       10G   0.04166   0.01403   0.02022   0.07592        41       640    0.3967    0.2205   0.06939   0.04439   0.05847   0.02131    0.0244
      8/21       10G   0.04005   0.01296   0.01994   0.07295        43       640    0.4177    0.1911   0.06699    0.0416   0.05899   0.02047   0.02458
      9/21       10G   0.03895   0.01324   0.01966   0.07185        34       640    0.3991    0.2079   0.07033   0.04442   0.05755   0.02032   0.02472
     10/21       10G   0.03749   0.01298   0.02002    0.0705        43       640     0.391    0.2733     0.071   0.04658   0.05563   0.02039    0.0248
     11/21       10G   0.03618   0.01316   0.01954   0.06889        42       640    0.4036    0.2347   0.07541   0.04919   0.05455   0.01975   0.02511
     12/21       10G   0.03522   0.01323    0.0191   0.06755        36       640    0.2559     0.322   0.07676   0.05095   0.05459   0.01941   0.02516
     13/21       10G   0.03437   0.01383   0.01931   0.06751        32       640    0.2686    0.2906    0.0724   0.04861   0.05318   0.01937   0.02513
     14/21       10G   0.03343   0.01296   0.01931    0.0657        33       640     0.418    0.1697   0.07573   0.05107   0.05206   0.01903   0.02521
     15/21       10G   0.03347   0.01327   0.01887   0.06561        41       640    0.5833    0.1555   0.07813   0.05417   0.05168   0.01873   0.02529
     16/21       10G   0.03243   0.01268    0.0189   0.06401        71       640    0.2455    0.2714   0.07859   0.05388   0.05135   0.01847   0.02521
     17/21       10G    0.0316    0.0131   0.01866   0.06336        29       640    0.2424    0.2695   0.07922   0.05364   0.05092   0.01843   0.02499
     18/21       10G     0.032   0.01344    0.0187   0.06413        60       640    0.4177     0.211   0.08026   0.05425   0.05051    0.0184   0.02492
     19/21       10G   0.03211   0.01373   0.01878   0.06463        81       640    0.2407    0.3149   0.08023   0.05418   0.05039   0.01831   0.02494
     20/21       10G   0.03112   0.01335   0.01864   0.06311        95       640    0.2425     0.278   0.08049   0.05509   0.04965   0.01825    0.0251
     21/21       10G   0.03057   0.01322   0.01846   0.06225        24       640    0.2433    0.2871   0.08276   0.05686   0.04932   0.01821   0.02517
