      0/21     7.39G   0.07206  0.009781   0.02161    0.1035        35       640    0.3577   0.03715   0.01098  0.003321    0.1102   0.01352   0.02462
      1/21     7.36G   0.06622   0.01043   0.02124   0.09788        17       640    0.1859    0.1289   0.01055   0.00481    0.1106   0.01779   0.02452
      2/21     7.36G   0.06371   0.01055   0.02095   0.09521        27       640    0.2254    0.0646   0.02096  0.008631    0.1012   0.01558   0.02343
      3/21     7.36G   0.06017    0.0113   0.02083    0.0923        27       640     0.385   0.08187    0.0274   0.01298   0.09514   0.01724   0.02332
      4/21     7.36G   0.05797   0.01153   0.02071    0.0902        48       640    0.2204     0.137    0.0306   0.01635   0.09459   0.01632   0.02303
      5/21     7.36G   0.05642    0.0116   0.02116   0.08918        19       640    0.2142    0.1097   0.02533   0.01393   0.09439   0.01655   0.02507
      6/21     7.36G   0.05521   0.01134   0.02101   0.08757        29       640    0.5581   0.05792   0.03413   0.01935   0.08719   0.01842    0.0223
      7/21     7.36G   0.05444   0.01224   0.02087   0.08755        35       640    0.2062    0.1497   0.02787   0.01468   0.08647   0.01807   0.02242
      8/21     7.36G   0.05296   0.01164   0.02078   0.08538        32       640    0.2133    0.1436   0.03632   0.02059   0.08479   0.01792   0.02291
      9/21     7.36G   0.05105   0.01179   0.02082   0.08366        26       640    0.2085    0.1755   0.03527   0.02077   0.08154   0.01877   0.02244
     10/21     7.36G   0.05089   0.01215   0.02106    0.0841        68       640    0.2144    0.1437   0.03865    0.0225   0.08053   0.01849   0.02242
     11/21     7.36G   0.04825   0.01227   0.02062   0.08114        30       640    0.2154    0.1658   0.03492    0.0217   0.07965   0.01833   0.02245
     12/21     7.36G   0.04797   0.01222   0.02048   0.08068        45       640    0.4031    0.1385   0.04285   0.02723   0.07854   0.01792   0.02209
     13/21     7.36G   0.04546    0.0132   0.02096   0.07962        45       640    0.4203    0.1279   0.04497   0.02829   0.07614    0.0188   0.02224
     14/21     7.36G   0.04536    0.0122   0.01981   0.07736        73       640    0.3986    0.1424    0.0472   0.02974   0.07668   0.01779   0.02231
     15/21     7.36G   0.04438   0.01288    0.0201   0.07737        17       640    0.3999    0.1083   0.04746    0.0293   0.07454   0.01834   0.02234
     16/21     7.36G    0.0433   0.01244   0.01995    0.0757        36       640    0.3924    0.1761   0.05222   0.03255   0.07324   0.01855   0.02252
     17/21     7.36G   0.04279   0.01266   0.02007   0.07551        44       640    0.4022    0.1744   0.04969   0.03127   0.07251   0.01839   0.02244
     18/21     7.36G   0.04258   0.01304   0.01992   0.07554        40       640    0.4062    0.1466   0.05284   0.03317   0.07135   0.01857    0.0225
     19/21     7.36G   0.04096   0.01302   0.01987   0.07385        40       640    0.3915    0.2128   0.05219   0.03338   0.07054   0.01855   0.02249
     20/21     7.36G   0.04039   0.01275    0.0198   0.07294        51       640    0.4087    0.1398   0.05251   0.03499   0.06979   0.01874   0.02252
     21/21     7.36G   0.03985   0.01298   0.01979   0.07262        35       640    0.4072    0.1426    0.0531   0.03537   0.06932   0.01868   0.02258
