      0/21     2.81G   0.08007   0.01332   0.02862     0.122        35       640   0.01471   0.04902  0.004275  0.001302    0.1046   0.01744   0.02822
      1/21     2.79G   0.06145    0.0123   0.02306   0.09681        17       640    0.2083    0.1074   0.03107   0.01162   0.09688   0.01567    0.0248
      2/21     3.26G   0.05447   0.01146   0.02191   0.08784        27       640    0.5552    0.1264   0.04461   0.01916   0.08519   0.01699   0.02384
      3/21     3.26G   0.05027   0.01126   0.02106   0.08259        27       640    0.5909    0.1096    0.0552   0.02485   0.08232   0.01686   0.02332
      4/21     3.26G   0.04934   0.01127   0.02069   0.08129        48       640    0.3084     0.164   0.07035   0.03738   0.08245   0.01618   0.02284
      5/21     3.26G   0.04882   0.01154   0.02056   0.08093        19       640    0.4308    0.1375    0.0612   0.03107   0.07826   0.01778   0.02257
      6/21     3.26G   0.04633   0.01097   0.01977   0.07706        29       640    0.6078    0.1303    0.1162   0.06398   0.07986    0.0164   0.02173
      7/21     3.26G   0.04544   0.01158   0.01881   0.07583        35       640    0.4738    0.1522    0.1084   0.06938   0.07431   0.01721   0.02146
      8/21     3.26G     0.043   0.01118   0.01883   0.07301        32       640   0.08846    0.5947    0.1696    0.1207    0.0697   0.01758   0.02151
      9/21     3.26G   0.03936   0.01116   0.01775   0.06827        26       640   0.09819    0.6156    0.1838    0.1397   0.06755   0.01749   0.02145
     10/21     3.26G   0.03868   0.01145   0.01751   0.06764        68       640    0.3083    0.1853    0.1319   0.08937   0.06454   0.01781   0.02127
     11/21     3.26G   0.03609   0.01149   0.01731   0.06489        30       640    0.4537    0.2032    0.1377   0.09636   0.06275   0.01718   0.02123
     12/21     3.26G   0.03584   0.01139   0.01607    0.0633        45       640     0.282    0.2416    0.1172   0.08045   0.06098   0.01805    0.0217
     13/21     3.26G   0.03496   0.01222   0.01685   0.06404        45       640    0.3046    0.2278    0.1236   0.08717   0.05954   0.01779   0.02156
     14/21     3.26G   0.03398   0.01119   0.01557   0.06074        73       640     0.661    0.1529     0.121   0.08228   0.05902   0.01767   0.02195
     15/21     3.26G   0.03355   0.01174   0.01549   0.06078        17       640    0.3029    0.2656    0.1302   0.08787   0.05692   0.01763   0.02224
     16/21     3.26G   0.03269    0.0113   0.01534   0.05933        36       640    0.2974    0.2489    0.1239    0.0858   0.05604   0.01802   0.02255
     17/21     3.26G   0.03234   0.01152   0.01498   0.05883        44       640    0.6853    0.1457    0.1266    0.0887   0.05438   0.01802   0.02266
     18/21     3.26G   0.03299   0.01187     0.015   0.05986        40       640    0.2909    0.2881    0.1323   0.09313   0.05381   0.01801   0.02268
     19/21     3.26G   0.03106   0.01194   0.01401   0.05702        40       640    0.6934    0.1453    0.1292   0.09273   0.05253   0.01796   0.02322
     20/21     3.26G   0.03103   0.01161   0.01386    0.0565        51       640    0.3176     0.243    0.1348   0.09587   0.05277   0.01817    0.0232
     21/21     3.26G   0.03129   0.01176   0.01419   0.05725        35       640    0.3054    0.2471    0.1303   0.09278    0.0526   0.01788   0.02306
