      0/21     1.71G   0.08145  0.007549   0.02211    0.1111        53       640         0         0         0         0    0.1369   0.00901    0.0363
      1/21     6.98G   0.08127  0.008434   0.02162    0.1113        29       640    0.6686  0.002807 4.119e-05 1.463e-05    0.1345   0.01777   0.09207
      2/21     9.42G   0.07636  0.009474   0.02183    0.1077        26       640 0.0002599   0.02717 2.915e-05 4.342e-06    0.1162    0.0464    0.1039
      3/21     9.42G   0.07774  0.009713   0.02141    0.1089        32       640    0.3437 0.0007018 0.0001538 5.181e-05    0.1124   0.02438    0.7155
      4/21     9.42G   0.07588   0.01047   0.02119    0.1075        34       640 9.252e-05  0.002105 4.084e-06 4.406e-07    0.1123   0.01849   0.05708
      5/21     9.42G   0.07541    0.0106   0.02106    0.1071        27       640  0.002602    0.0337 0.0007388 7.635e-05    0.1097   0.01663   0.02347
      6/21     9.42G    0.0759   0.01045   0.02119    0.1075        65       640    0.3357  0.001754 0.0001036 1.798e-05    0.1116    0.0163   0.02993
      7/21     9.42G   0.07376   0.01107   0.02131    0.1061        41       640    0.1777  0.004837 0.0005236 0.0001542    0.1081   0.01777   0.02431
      8/21     9.42G   0.07553   0.01006   0.02099    0.1066        43       640    0.3637   0.04423  0.002656 0.0004486    0.1064       nan   0.09518
      9/21     9.42G   0.07342   0.01059   0.02056    0.1046        34       640    0.2085   0.04877  0.006516  0.001612    0.1048       nan   0.05061
     10/21     9.42G   0.07242   0.01036   0.02103    0.1038        43       640    0.1891   0.04208   0.00332  0.000978    0.1025   0.01892   0.02308
     11/21     9.42G   0.07122   0.01079   0.02062    0.1026        42       640    0.5439   0.05707  0.009876  0.003291   0.09947   0.01874   0.02805
     12/21     9.42G   0.07018   0.01085   0.02073    0.1018        36       640    0.1888   0.05196  0.007604  0.002195   0.09861   0.01892   0.02278
     13/21     9.42G   0.06999   0.01149   0.02091    0.1024        32       640    0.2231   0.05025  0.008735  0.002626    0.1004   0.01906     0.028
     14/21     9.42G   0.06756   0.01081    0.0209   0.09927        33       640    0.3855   0.04346  0.008566  0.003005   0.09923   0.01858   0.02262
     15/21     9.42G   0.06765   0.01108   0.02038   0.09911        41       640    0.4469   0.03711   0.01521  0.005187   0.09466   0.01826   0.02264
     16/21     9.42G   0.06586    0.0108   0.02043   0.09708        71       640   0.06856   0.06929   0.01521  0.005122   0.09532   0.01841   0.02934
     17/21     9.42G   0.06422   0.01114   0.02031   0.09566        29       640    0.2048   0.08227   0.01719  0.008105   0.09373   0.01871   0.02268
     18/21     9.42G   0.06441   0.01164   0.02018   0.09624        60       640    0.2064   0.06827   0.01936   0.00729   0.09321   0.01849   0.02249
     19/21     9.42G   0.06366   0.01208   0.02045   0.09619        81       640    0.2115   0.05933   0.01765  0.006206   0.09277   0.01867   0.02265
     20/21     9.42G   0.06233   0.01142    0.0206   0.09436        95       640   0.04192   0.09949   0.02001  0.007536   0.09145       nan   0.02957
     21/21     9.42G   0.06153   0.01147   0.02049   0.09349        24       640    0.2153    0.1054   0.02509  0.009811   0.09129   0.01824   0.02272
