      0/21     7.36G    0.0799   0.01337   0.02869     0.122        35       640   0.04742   0.02016   0.01007  0.001356    0.1042   0.01715    0.0278
      1/21     7.38G   0.05934   0.01298   0.02304   0.09536        17       640    0.5685   0.07412   0.02806   0.01305   0.08392   0.01814   0.02454
      2/21     7.38G   0.05165    0.0125   0.02158   0.08573        27       640    0.3811    0.1804   0.03557   0.01454   0.07924   0.01883   0.02398
      3/21     7.38G    0.0514   0.01184   0.02137   0.08461        27       640    0.5798   0.09773   0.04918   0.02261   0.07944   0.01812   0.02343
      4/21     7.38G   0.04965   0.01203   0.02056   0.08225        48       640    0.6019   0.09437   0.06424   0.03398   0.07477    0.0181   0.02275
      5/21     7.38G   0.04813   0.01168   0.02028   0.08009        19       640    0.6056    0.1156   0.06739   0.03841   0.07574   0.01731   0.02262
      6/21     7.38G   0.04863   0.01128   0.02011   0.08002        29       640    0.6171    0.1202   0.06294   0.03516   0.07742   0.01746   0.02249
      7/21     7.38G   0.04822   0.01196   0.02002    0.0802        35       640    0.4259    0.1434   0.06133   0.03729   0.07341   0.01828   0.02237
      8/21     7.38G   0.04394   0.01183   0.01969   0.07545        32       640    0.6121    0.1068   0.06604   0.04266   0.07012   0.01889   0.02219
      9/21     7.38G   0.04053   0.01181   0.01887   0.07121        26       640     0.442    0.1515   0.08575   0.05466   0.06631    0.0184   0.02188
     10/21     7.38G   0.04032   0.01229   0.01878   0.07139        68       640    0.4264    0.1638   0.07253   0.04631   0.06727   0.01856   0.02202
     11/21     7.38G   0.03814   0.01208   0.01807   0.06829        30       640    0.3057      0.19    0.1025   0.06885   0.06569   0.01772   0.02142
     12/21     7.38G   0.03693   0.01205   0.01748   0.06647        45       640     0.339    0.1727   0.09354    0.0646   0.06276    0.0183   0.02187
     13/21     7.38G   0.03574   0.01297   0.01783   0.06655        45       640     0.666    0.1368    0.1133   0.08005   0.06066   0.01759   0.02134
     14/21     7.38G   0.03443   0.01187   0.01671   0.06301        73       640    0.6593    0.1417    0.1139   0.07766   0.05937   0.01786   0.02153
     15/21     7.38G   0.03389   0.01253   0.01634   0.06276        17       640    0.3603    0.2282    0.1177   0.08091   0.05762   0.01767   0.02223
     16/21     7.38G    0.0325   0.01212   0.01617   0.06079        36       640    0.6722    0.1615    0.1283   0.09002   0.05564   0.01759   0.02147
     17/21     7.38G   0.03205   0.01212   0.01576   0.05992        44       640    0.6482    0.1927    0.1344   0.09588   0.05422   0.01765   0.02188
     18/21     7.38G   0.03282   0.01242   0.01563   0.06087        40       640    0.3178    0.2501    0.1259   0.08991   0.05309   0.01774   0.02168
     19/21     7.38G   0.03105   0.01259   0.01471   0.05836        40       640    0.7302    0.1311    0.1332    0.0961   0.05223   0.01749    0.0222
     20/21     7.38G   0.03048   0.01218   0.01457   0.05722        51       640     0.303    0.2764    0.1317   0.09646   0.05147   0.01758   0.02207
     21/21     7.38G   0.03069   0.01247   0.01478   0.05793        35       640    0.6618    0.1779    0.1354   0.09647   0.05137   0.01718   0.02224
