      0/21     7.36G   0.07993   0.01336   0.02861    0.1219        35       640    0.0995   0.01841    0.0134  0.002586    0.1051   0.01703   0.02865
      1/21     7.38G   0.06017   0.01288    0.0229   0.09595        17       640    0.3849    0.1169   0.03155   0.01434   0.09279   0.01644   0.02454
      2/21     7.38G   0.05237   0.01223   0.02172   0.08632        27       640    0.3834    0.1207   0.03266   0.01349   0.08875   0.01599   0.02359
      3/21     7.38G   0.05116   0.01176   0.02138   0.08429        27       640     0.412    0.1142   0.04903   0.02594    0.0813   0.01797    0.0234
      4/21     7.38G   0.05031   0.01202   0.02106   0.08339        48       640    0.3913    0.1129   0.04176   0.02049   0.08097   0.01796   0.02287
      5/21     7.38G   0.05094   0.01191   0.02097   0.08381        19       640    0.4104   0.08031   0.03889   0.02184    0.0844   0.01813   0.02262
      6/21     7.38G   0.05071   0.01183   0.02084   0.08339        29       640    0.3973    0.1397   0.04797   0.02783   0.08423   0.01723   0.02269
      7/21     7.38G   0.05166   0.01241   0.02065   0.08472        35       640    0.3729    0.1278   0.03628   0.02175   0.08101   0.01939   0.02258
      8/21     7.38G   0.04814   0.01209    0.0204   0.08063        32       640    0.4113    0.1223    0.0468   0.02913   0.07852   0.01843   0.02298
      9/21     7.38G   0.04631   0.01209   0.02033   0.07873        26       640    0.2306   0.09744   0.02931   0.01658   0.08518   0.01878   0.02337
     10/21     7.38G   0.04782   0.01267   0.02037   0.08086        68       640    0.3844    0.1397   0.03659   0.02306   0.07572   0.01954   0.02281
     11/21     7.38G   0.04623   0.01261   0.02031   0.07916        30       640    0.4068    0.1106   0.04646   0.03028   0.07677   0.01857   0.02476
     12/21     7.38G   0.04442   0.01262   0.01966    0.0767        45       640    0.4257    0.1226   0.05622    0.0384   0.07255   0.01855   0.02234
     13/21     7.38G   0.04152   0.01374   0.02035   0.07561        45       640    0.6363   0.09182   0.06601     0.044   0.07226   0.01848   0.02236
     14/21     7.38G   0.03967   0.01236   0.01905   0.07108        73       640     0.614   0.09929   0.06543   0.04705   0.07054   0.01832    0.0223
     15/21     7.38G   0.03954   0.01319   0.01931   0.07204        17       640    0.6086    0.1218   0.07441   0.05378   0.06802   0.01858   0.02227
     16/21     7.38G   0.03856   0.01263   0.01909   0.07029        36       640    0.4454    0.1767   0.08002   0.05839   0.06786   0.01856   0.02226
     17/21     7.38G   0.03796   0.01276   0.01895   0.06967        44       640    0.6411    0.1216   0.08266   0.05966   0.06646   0.01811   0.02229
     18/21     7.38G   0.03843   0.01312   0.01876    0.0703        40       640    0.4729    0.1658   0.08379    0.0597   0.06625     0.018   0.02213
     19/21     7.38G   0.03623   0.01327   0.01821   0.06772        40       640    0.4495    0.1882   0.08325   0.06011   0.06564   0.01788   0.02209
     20/21     7.38G   0.03575   0.01302    0.0182   0.06698        51       640    0.4904    0.1599   0.07698   0.05692   0.06591   0.01814   0.02244
     21/21     7.38G   0.03617   0.01326   0.01843   0.06786        35       640    0.4398     0.187   0.08173   0.06196   0.06516   0.01846   0.02187
