      0/21     4.79G   0.08009   0.01332    0.0285    0.1219        35       640   0.05497   0.04557  0.009513  0.002648    0.1019   0.01779   0.02748
      1/21     4.79G   0.05884   0.01277    0.0229   0.09451        17       640    0.2117    0.1371   0.02283  0.009867    0.0835   0.01802   0.02512
      2/21     4.79G   0.05088   0.01241   0.02135   0.08463        27       640    0.3713    0.2065   0.03495   0.01243   0.07591   0.01868   0.02437
      3/21     4.79G    0.0499   0.01188   0.02097   0.08275        27       640    0.4063    0.2106   0.05857   0.02967   0.07327   0.01872   0.02364
      4/21     4.79G   0.04844   0.01181   0.01985   0.08009        48       640    0.6215   0.09183   0.07664   0.03865   0.07591   0.01751   0.02274
      5/21     4.79G   0.04874   0.01118   0.01973   0.07965        19       640    0.6489    0.1189   0.08445   0.04378   0.07064   0.01801   0.02245
      6/21     4.79G   0.04615   0.01104    0.0193   0.07649        29       640    0.6382    0.1239   0.08389   0.04381   0.06915   0.01843    0.0221
      7/21     4.79G   0.04336   0.01195   0.01834   0.07365        35       640    0.4711    0.2186    0.1037   0.06324   0.06679    0.0179   0.02193
      8/21     4.79G   0.04019   0.01155   0.01807   0.06981        32       640     0.463    0.1617    0.1212   0.07953   0.06437   0.01782   0.02147
      9/21     4.79G   0.03734   0.01146   0.01725   0.06605        26       640    0.6134    0.1672    0.1087   0.07144   0.06277   0.01773   0.02164
     10/21     4.79G   0.03617   0.01191   0.01703   0.06511        68       640    0.6408    0.1609     0.118   0.07667    0.0607   0.01759   0.02163
     11/21     4.79G   0.03469   0.01179   0.01622    0.0627        30       640    0.3819    0.2303    0.1229   0.08312   0.05891   0.01744   0.02188
     12/21     4.79G   0.03398   0.01165   0.01562   0.06125        45       640    0.3664    0.2009    0.1213   0.08161   0.05974   0.01765   0.02165
     13/21     4.79G   0.03291   0.01242   0.01603   0.06137        45       640    0.5046    0.1603    0.1248   0.08909   0.05709   0.01749   0.02151
     14/21     4.79G   0.03194   0.01143   0.01489   0.05827        73       640    0.3597    0.2552    0.1414   0.09848   0.05651   0.01738   0.02154
     15/21     4.79G   0.03171   0.01188   0.01455   0.05814        17       640    0.3192    0.2498    0.1463     0.106    0.0559   0.01736   0.02192
     16/21     4.79G   0.03068   0.01149   0.01441   0.05658        36       640     0.315    0.2782    0.1464    0.1042   0.05479   0.01726   0.02169
     17/21     4.79G   0.03018   0.01147   0.01388   0.05553        44       640    0.4003    0.2429    0.1575    0.1138   0.05477   0.01723   0.02211
     18/21     4.79G   0.03081    0.0117   0.01395   0.05646        40       640    0.4598    0.2446    0.1589    0.1147   0.05474   0.01712   0.02159
     19/21     4.79G   0.02875    0.0117   0.01294   0.05339        40       640    0.4936    0.2023    0.1494    0.1079   0.05463   0.01694   0.02201
     20/21     4.79G   0.02864    0.0114   0.01269   0.05273        51       640    0.3299    0.2624    0.1447    0.1051   0.05397    0.0171   0.02214
     21/21     4.79G   0.02874   0.01148   0.01266   0.05288        35       640    0.4287    0.2246    0.1493    0.1097   0.05379    0.0168   0.02237
