      0/21     7.37G   0.07962   0.01335    0.0285    0.1215        35       640   0.02385   0.03654  0.007605  0.002101    0.1006   0.01825   0.02776
      1/21     7.31G   0.05889   0.01294   0.02285   0.09468        17       640     0.576   0.07123   0.03345   0.01769   0.08444   0.01778   0.02501
      2/21     7.31G   0.05218   0.01236   0.02155   0.08609        27       640    0.2165    0.1712   0.03764   0.01877   0.07871   0.01786   0.02411
      3/21     7.31G   0.05046   0.01195   0.02124   0.08365        27       640    0.4179    0.1346   0.06028   0.03383   0.07716   0.01813   0.02342
      4/21     7.31G   0.04913   0.01158   0.02033   0.08103        48       640     0.605    0.1321   0.07586   0.03584   0.07401   0.01743   0.02303
      5/21     7.31G   0.04758   0.01162   0.01991   0.07911        19       640    0.4301    0.1485   0.08785   0.05118   0.07077   0.01814   0.02279
      6/21     7.31G   0.04559   0.01129   0.01938   0.07626        29       640    0.4505    0.1407   0.07873   0.04248   0.06986   0.01821    0.0225
      7/21     7.31G    0.0449    0.0118    0.0186    0.0753        35       640    0.6156     0.133   0.07549   0.04434   0.07147     0.018   0.02224
      8/21     7.31G   0.04148    0.0115   0.01844   0.07141        32       640    0.6168    0.1501   0.08918    0.0556   0.06782   0.01762   0.02228
      9/21     7.31G   0.03806   0.01147   0.01761   0.06714        26       640      0.46    0.1796   0.08555   0.05737   0.06638   0.01739   0.02231
     10/21     7.31G   0.03782   0.01184   0.01735     0.067        68       640    0.4723    0.2209   0.09063   0.05801   0.06609   0.01663   0.02226
     11/21     7.31G   0.03558   0.01176   0.01697   0.06431        30       640    0.6445    0.1356     0.105   0.07148   0.06378   0.01705   0.02214
     12/21     7.31G   0.03472   0.01168   0.01606   0.06247        45       640    0.2732    0.2098    0.0961   0.06523   0.06341   0.01711   0.02265
     13/21     7.31G   0.03385   0.01238    0.0162   0.06242        45       640    0.6629    0.1361    0.1159   0.08161   0.06081   0.01745   0.02268
     14/21     7.31G   0.03306   0.01138   0.01519   0.05963        73       640    0.5112    0.1888    0.1245   0.09018   0.06115   0.01711   0.02203
     15/21     7.31G   0.03274   0.01193   0.01515   0.05983        17       640    0.6542    0.1657    0.1296    0.0895   0.05892   0.01708   0.02211
     16/21     7.31G   0.03162   0.01148   0.01493   0.05803        36       640    0.3168    0.2447    0.1273   0.09022   0.05898   0.01712   0.02246
     17/21     7.31G   0.03087   0.01147   0.01446    0.0568        44       640    0.5041     0.219    0.1345   0.09647   0.05748   0.01704   0.02215
     18/21     7.31G   0.03149   0.01177    0.0144   0.05765        40       640    0.3126    0.2294    0.1322   0.09587   0.05703   0.01724    0.0224
     19/21     7.31G   0.02965   0.01179   0.01348   0.05493        40       640    0.3828    0.2412    0.1381    0.1023     0.056   0.01704   0.02249
     20/21     7.31G   0.02942   0.01148   0.01351   0.05441        51       640    0.3272    0.2581    0.1343   0.09966   0.05515   0.01727   0.02227
     21/21     7.31G   0.02956    0.0117   0.01345    0.0547        35       640    0.3408    0.2568    0.1394    0.1047   0.05498   0.01728   0.02211
