      0/21     1.69G   0.07993   0.01344   0.02877    0.1221        53       640   0.07674   0.02876   0.01361  0.004242    0.1024   0.01723   0.02817
      1/21     6.48G   0.05941   0.01285   0.02219   0.09446        29       640    0.3938     0.113   0.03295   0.01429   0.08302   0.01849   0.02505
      2/21     8.92G    0.0513   0.01255   0.02135   0.08521        26       640    0.4016     0.148   0.04206   0.01821    0.0766   0.01939   0.02412
      3/21     8.92G   0.05074   0.01245   0.02092   0.08411        32       640    0.2766    0.1457   0.06689   0.03522   0.07402   0.01886   0.02369
      4/21     8.92G   0.05033   0.01228   0.02072   0.08332        34       640    0.2647    0.1182   0.05945   0.03215   0.07807   0.01907   0.02361
      5/21     8.92G   0.05053   0.01179   0.02023   0.08255        27       640    0.6163    0.0938   0.06362   0.02954   0.08351   0.01705   0.02287
      6/21     8.92G   0.05145   0.01045   0.01984   0.08175        65       640    0.5918    0.1317   0.07519   0.04226   0.08219   0.01632   0.02301
      7/21     8.92G   0.04675   0.01109   0.01956   0.07741        41       640    0.6143    0.1372   0.08562   0.05327   0.07717   0.01691   0.02257
      8/21     8.92G   0.04341   0.01036   0.01902    0.0728        43       640    0.6303    0.1573   0.09256    0.0587   0.07486   0.01764    0.0224
      9/21     8.92G   0.04092   0.01103   0.01822   0.07017        34       640    0.2775    0.2443   0.08513   0.05436   0.07284   0.01844   0.02256
     10/21     8.92G   0.03973   0.01095   0.01814   0.06882        43       640    0.5268    0.1645   0.09998   0.06442   0.06827   0.01753   0.02265
     11/21     8.92G   0.03774   0.01127   0.01719    0.0662        42       640    0.6587    0.1537    0.1076   0.07194   0.06678   0.01805   0.02248
     12/21     8.92G   0.03684   0.01137   0.01683   0.06504        36       640    0.5768    0.1871    0.1176   0.07802   0.06454    0.0174   0.02226
     13/21     8.92G   0.03572   0.01185   0.01658   0.06415        32       640    0.5177    0.2046    0.1305   0.09087   0.05976   0.01887   0.02198
     14/21     8.92G   0.03467   0.01122   0.01663   0.06252        33       640    0.6784    0.1545    0.1349   0.09346    0.0577   0.01815   0.02197
     15/21     8.92G   0.03431   0.01168   0.01556   0.06155        41       640    0.4209    0.2146    0.1348   0.09658   0.05533   0.01835    0.0219
     16/21     8.92G   0.03271   0.01109   0.01489    0.0587        71       640    0.5142    0.2078    0.1327   0.09394   0.05435   0.01827    0.0223
     17/21     8.92G   0.03177   0.01153   0.01429   0.05759        29       640    0.4448    0.2246    0.1502    0.1071   0.05281   0.01798   0.02238
     18/21     8.92G   0.03198   0.01193   0.01442   0.05832        60       640    0.4601     0.209     0.145    0.1016   0.05169   0.01802   0.02237
     19/21     8.92G    0.0322   0.01221   0.01428   0.05868        81       640    0.3522    0.2532    0.1501    0.1061    0.0505   0.01794    0.0224
     20/21     8.92G   0.03069   0.01177   0.01404    0.0565        95       640    0.4144    0.2163     0.152    0.1145   0.04967   0.01804   0.02252
     21/21     8.92G   0.03015   0.01156   0.01325   0.05496        24       640    0.3209    0.2523    0.1462    0.1104     0.049   0.01792   0.02267
