      0/21     5.61G   0.07992   0.01322   0.02854    0.1217        35       640   0.01534   0.04508  0.004422 0.0009172    0.1053   0.01685   0.02769
      1/21     5.64G   0.05899   0.01272   0.02297   0.09467        17       640     0.472    0.1261   0.03429    0.0174   0.08325   0.01803   0.02496
      2/21     5.64G   0.05199   0.01225   0.02167   0.08591        27       640    0.2374     0.123   0.04519   0.01725    0.0792   0.01829   0.02411
      3/21     5.64G   0.04999   0.01218    0.0215   0.08367        27       640    0.4246    0.1316   0.06257   0.03487   0.07283    0.0192   0.02343
      4/21     5.64G   0.04946    0.0116   0.02034   0.08141        48       640    0.4218    0.1629   0.06437   0.03448   0.07719   0.01748   0.02283
      5/21     5.64G   0.05265   0.01055   0.02024   0.08343        19       640    0.5933    0.1262   0.07427   0.03608   0.08407   0.01624   0.02289
      6/21     5.64G   0.04903   0.01062    0.0198   0.07945        29       640    0.4317    0.1612   0.06714   0.03397   0.07784   0.01709   0.02235
      7/21     5.64G   0.04532   0.01146   0.01884   0.07562        35       640    0.2874     0.186   0.08182   0.04659   0.07612   0.01692   0.02227
      8/21     5.64G   0.04199   0.01118   0.01837   0.07154        32       640    0.6471    0.1361    0.1062   0.06809   0.07242   0.01679   0.02222
      9/21     5.64G   0.03893   0.01136   0.01782   0.06811        26       640    0.2667    0.2182    0.0874   0.05374   0.07071   0.01702   0.02206
     10/21     5.64G   0.03874   0.01175   0.01777   0.06827        68       640    0.4813    0.2095   0.09931   0.06292   0.06828   0.01714   0.02122
     11/21     5.64G   0.03619   0.01162   0.01711   0.06492        30       640    0.6388    0.1478    0.1118   0.07637   0.06559   0.01741   0.02138
     12/21     5.64G   0.03534    0.0116   0.01655   0.06348        45       640    0.5102    0.1811    0.1136   0.07591     0.063   0.01706   0.02159
     13/21     5.64G   0.03403    0.0124   0.01661   0.06304        45       640    0.4834    0.1896    0.1179   0.08488   0.06087   0.01757    0.0211
     14/21     5.66G   0.03318   0.01147   0.01565    0.0603        73       640    0.3576    0.2481    0.1442   0.09917     0.059   0.01748   0.02144
     15/21     5.66G   0.03259   0.01205   0.01551   0.06014        17       640    0.3163    0.2767    0.1373   0.09968   0.05801    0.0174   0.02099
     16/21     5.66G   0.03122   0.01156   0.01528   0.05805        36       640    0.6121     0.195    0.1469    0.1064   0.05712    0.0169   0.02087
     17/21     5.66G   0.03077   0.01167   0.01451   0.05695        44       640    0.5256    0.2029    0.1519    0.1113   0.05611   0.01696   0.02084
     18/21     5.66G   0.03121   0.01196   0.01464   0.05781        40       640    0.6843    0.1732    0.1413    0.1022   0.05598   0.01693   0.02092
     19/21     5.66G   0.02944    0.0121   0.01368   0.05523        40       640    0.6775    0.1772    0.1384   0.09924   0.05489   0.01653   0.02101
     20/21     5.66G    0.0291   0.01156   0.01347   0.05413        51       640    0.3309    0.2248    0.1458    0.1074   0.05447   0.01682   0.02103
     21/21     5.66G   0.02937   0.01175   0.01343   0.05455        35       640     0.548    0.1928    0.1426    0.1076   0.05449   0.01672   0.02112
